122.12690674830989 482.6195949722477
434.6734865754991 230.82134873312089
48.02941370915287 106.46126954012963
278.61400347215573 475.7724092857661
188.51797976463052 107.2106387367559
415.7158362009981 433.0091012048235
269.84896666541727 484.84639904754164
3.796839340381386 402.4584766506995
199.11589435724025 148.32752223439942
38.3494542003705 447.0765099400599
276.21098478933277 43.048552520899285
286.52832356239537 317.5927209603652
128.0704484520424 108.43892921059157
70.59844388817655 155.24138376372187
183.7858658679936 373.32221960352484
195.26135947433158 78.53043179351488
256.69547632185146 377.69665406858667
443.78554761361283 478.9828729071646
58.420069575038255 186.13056012518408
120.91280994810371 428.8067876077544
