214.2603056083677
186.97932647093262
112.04541133112238
157.51067288080452
283.9377131629227
196.671744849631
280.1067108708927
112.32201122134543
185.07631771945438
176.39750865018544
279.499329143139
103.90975005748982
138.0676789746424
113.73499350472292
226.07257889038794
182.71052144712462
231.91867494256792
110.64906437683851
265.31508899752373
276.86802650161303
193.79153549651332
129.7716764576821
187.07194695858266
225.67576934325206
237.4082999579344
133.88140542597458
289.92081379572573
178.33151878127916
249.5507822235014
210.20086648629746
240.71137085651887
115.30356411866403
237.96978381341657
272.9503063695196
285.237401239124
126.84477759614609
279.6938838019189
173.0726149423614
249.22325405312674
263.4387480041586
